15000;655;1657;12.5;125.5;180;27;125.5;180;27;655;1657;12.5;1.2754;335;50;125.5;180;27;125.5;180;27;655;1657;12.5;0;0;0;0;0;0;30.8
15000;35;2350;40;1400;100;13;1400;100;13;1400;100;13;1400;100;13;1400;100;13;35;2350;40;0;0;0;0;0;0;0;0;0;51.8
15000;655;1657;12.5;1.2754;335;30;655;1657;12.5;1.2754;335;30;655;1657;12.5;0;0;0;0;0;0;0;0;0;0;0;0;0;0;0;34.1
15000;7850;5100;0.5;640;4500;30;1.2754;335;60;640;4500;30;7850;5100;0.5;0;0;0;0;0;0;0;0;0;0;0;0;0;0;0;31
15000;655;1657;12.5;655;1657;12.5;1.2754;335;150;655;1657;12.5;655;1657;12.5;655;1657;12.5;0;0;0;0;0;0;0;0;0;0;0;0;31.8
15000;655;1657;12.5;1.2754;335;30;655;1657;12.5;1.2754;335;30;655;1657;12.5;1.2754;335;30;655;1657;12.5;1.2754;335;30;655;1657;12.5;0;0;0;48.6
15000;655;1657;12.5;1.2754;335;30;655;1657;12.5;1.2754;335;30;655;1657;12.5;1.2754;335;30;655;1657;12.5;0;0;0;0;0;0;0;0;0;30.8
15000;7850;5100;0.5;182;2350;35;273;2350;155;7850;5100;0.5;0;0;0;0;0;0;0;0;0;0;0;0;0;0;0;0;0;0;35.2
15000;2200;4500;70;91;2350;189;2200;4500;70;0;0;0;0;0;0;0;0;0;0;0;0;0;0;0;0;0;0;0;0;0;30.4
15000;91;2350;189;2200;4500;70;0;0;0;0;0;0;0;0;0;0;0;0;0;0;0;0;0;0;0;0;0;0;0;0;30.7
15000;2200;4500;70;0;0;0;0;0;0;0;0;0;0;0;0;0;0;0;0;0;0;0;0;0;0;0;0;0;0;0;30.7
15000;45;180;27;45;180;27;45;180;27;45;180;27;45;180;27;45;180;27;45;180;27;0;0;0;0;0;0;0;0;0;32.4
15000;7850;5100;0.5;78;2350;189;7850;5100;0.5;0;0;0;0;0;0;0;0;0;0;0;0;0;0;0;0;0;0;0;0;0;30.2
15000;7850;5100;0.5;288;2350;75;295;2350;115;7850;5100;0.5;0;0;0;0;0;0;0;0;0;0;0;0;0;0;0;0;0;0;30.8
15000;7850;5100;0.5;182;2350;35;242;2350;155;7850;5100;0.5;0;0;0;0;0;0;0;0;0;0;0;0;0;0;0;0;0;0;31.9
15000;655;1657;12.5;0;0;0;0;0;0;0;0;0;0;0;0;0;0;0;0;0;0;0;0;0;0;0;0;0;0;0;34.6
15000;655;1657;12.5;1600;1800;63;655;1657;12.5;0;0;0;0;0;0;0;0;0;0;0;0;0;0;0;0;0;0;0;0;0;30.9
15000;655;1657;12.5;125.5;180;27;125.5;180;27;655;1657;12.5;0;0;0;0;0;0;0;0;0;0;0;0;0;0;0;0;0;0;31.1
15000;655;1657;12.5;655;1657;12.5;125.5;180;27;125.5;180;27;655;1657;12.5;1.2754;335;50;125.5;180;27;125.5;180;27;655;1657;12.5;655;1657;12.5;33.6
15000;655;1657;12.5;655;1657;12.5;125.5;180;27;125.5;180;27;655;1657;12.5;655;1657;12.5;0;0;0;0;0;0;0;0;0;0;0;0;31
15000;1400;100;13;0;0;0;0;0;0;0;0;0;0;0;0;0;0;0;0;0;0;0;0;0;0;0;0;0;0;0;30.7
15000;1400;100;13;86.14786;335;53;1400;100;13;0;0;0;0;0;0;0;0;0;0;0;0;0;0;0;0;0;0;0;0;0;31
15000;1400;100;13;86.14786;335;53;1400;100;13;86.14786;335;53;1400;100;13;0;0;0;0;0;0;0;0;0;0;0;0;0;0;0;30.8
15000;1400;100;13;125.5;180;27;125.5;180;27;1.2754;335;50;125.5;180;27;125.5;180;27;1400;100;13;0;0;0;0;0;0;0;0;0;33.6
15000;7850;5100;0.5;35;2350;40;1.2754;335;90;35;2350;40;7850;5100;0.5;0;0;0;0;0;0;0;0;0;0;0;0;0;0;0;31.1
15000;7850;5100;0.5;35;2350;40;45;180;27;45;180;27;1.2754;335;36;35;2350;40;7850;5100;0.5;0;0;0;0;0;0;0;0;0;30.9
15000;7850;5100;0.5;35;2350;40;45;180;27;45;180;27;45;180;27;45;180;27;35;2350;40;7850;5100;0.5;0;0;0;0;0;0;32.7
15000;7850;5100;0.5;35;2350;40;11.14786;335;50;35;2350;40;7850;5100;0.5;0;0;0;0;0;0;0;0;0;0;0;0;0;0;0;32.7
15000;7850;5100;0.5;35;2350;40;1400;100;13;1400;100;13;1400;100;13;1400;100;13;1400;100;13;35;2350;40;7850;5100;0.5;0;0;0;31.6
15000;2200;4500;70;45;180;27;1.2754;335;40;45;180;27;2200;4500;70;0;0;0;0;0;0;0;0;0;0;0;0;0;0;0;31.1
15000;640;4500;60;640;4500;60;0;0;0;0;0;0;0;0;0;0;0;0;0;0;0;0;0;0;0;0;0;0;0;0;30.5
15000;640;4500;60;1.2754;335;30;640;4500;60;0;0;0;0;0;0;0;0;0;0;0;0;0;0;0;0;0;0;0;0;0;30.5
15000;640;4500;60;1.2754;335;60;640;4500;60;0;0;0;0;0;0;0;0;0;0;0;0;0;0;0;0;0;0;0;0;0;30.4
15000;640;4500;60;1.2754;335;90;640;4500;60;0;0;0;0;0;0;0;0;0;0;0;0;0;0;0;0;0;0;0;0;0;30.4
15000;640;4500;60;1.2754;335;120;640;4500;60;0;0;0;0;0;0;0;0;0;0;0;0;0;0;0;0;0;0;0;0;0;35.5
15000;640;4500;60;45;180;27;45;180;27;1.2754;335;50;640;4500;60;0;0;0;0;0;0;0;0;0;0;0;0;0;0;0;30.6
15000;640;4500;60;45;180;27;1.2754;335;50;45;180;27;640;4500;60;0;0;0;0;0;0;0;0;0;0;0;0;0;0;0;30.4
15000;655;1657;12.5;1.2754;335;30;655;1657;12.5;0;0;0;0;0;0;0;0;0;0;0;0;0;0;0;0;0;0;0;0;0;35.3
15000;640;4500;30;1.2754;335;60;640;4500;30;0;0;0;0;0;0;0;0;0;0;0;0;0;0;0;0;0;0;0;0;0;30.2
15000;655;1657;12.5;655;1657;12.5;1.2754;335;150;655;1657;12.5;655;1657;12.5;0;0;0;0;0;0;0;0;0;0;0;0;0;0;0;30.1
15000;655;1657;12.5;655;1657;12.5;45;180;27;45;180;27;1.2754;335;50;45;180;27;655;1657;12.5;655;1657;12.5;0;0;0;0;0;0;30.4